1 4 2 5 30 500 20 48 67 199 33 56 24 73 547 253 867 545 65 44 23 43 654 234 346 454 365 
2 4 5 3 6 75 534 543 54 32 46 454 6 55 535 7 53 153 15 121 8 84 1
1 2 3 6 18 55 15 152 486 168 481 384 83 186 48 4 86 138 41 38 8 34 31 13
3 4 2 5 15 68 16 168 161 33 43 831 384 31 38 51 83 431 413 18 34 81 41 
2 4 3 5 31 8 168 83 381 38 438 13 384 84 68 341 138 1 313 8 186 86
2 6 43 831 384 31 38 51 83 431 413 18 34
1 4 2 5 30 500 20 48 67 199 33 56 24 73 547 253 867 545 65 44 23 43 654 234 346 454 365 
2 4 5 3 6 75 534 543 54 32 46 454 6 55 535 7 53 153 15 121 8 84 1
1 2 3 6 18 55 15 152 486 168 481 384 83 186 48 4 86 138 41 38 8 34 31 13
3 4 2 5 15 68 16 168 161 33 43 831 384 31 38 51 83 431 413 18 34 81 41 
2 4 3 5 31 8 168 83 381 38 438 13 384 84 68 341 138 1 313 8 186 86
2 6 43 831 384 31 38 51 83 431 413 18 34